6688124141
6243148963
1912056593
4090905089
4029739433
9972291337
6738741133
1910105819
3623310577
3043677677
6547861591
2051749879
3862525517
9197349659
3444773603
6599353051
3230808521
3455799359
2978372063
5365994567
1046437313
2245023409
9246622199
7942730083
3928419877
8939784899
6305802263
8560682797
7917952219
2369388409
9432573193
5234200711
3855498397
5575929347
7823213747
4805741333
7031855323
1769198713
5285091899
2213485177
5529382423
7678770241
2392501877
9074503057
5257377443
4215041927
2616906179
6273842569
6715957403
2450258527
4100411389
9310728277
1079349863
4094918491
7384220269
3111406271
6446099141
5682455407
4987782347
9949758719
9634231799
2813722517
3708386467
2913357259
6944779999
8531508929
8400705427
1935043597
2486200391
5955172543
4627663021
4946869153
3266790029
4688232631
6911549627
1919817959
2729362351
6972304039
1963602133
1870299737
4437349649
4508685479
7772072129
2442792907
9932262829
6910029937
9841515179
2213627909
6785693039
8442941257
9634231799
2813722517
3708386467
2913357259
6944779999
8531508929
8400705427
1935043597
2486200391
5955172543