586721435845123
639112766811209
481401956232517
251109349152373
351090362089991
162780655897751
669783108175991
366921579727597
268158315412369
717147958321297
504090950944561
524670356729479
443871107257909
799433889318599
131457985238081
360675699642611
327448947318653
180533443738727
385696598224867
682876211581769
422356850637037
919188096950009
231061405517071
676679078946133
478723267370461
342294678129577
179624177042467
101320644034843
866775139118267
483016784927461
474182426516167
306776474645359
490773055275887
204076222570511
764230615971091
770600956295503
424493311403621
464232489180379
387847974995213
104323661679617
327544899004943
155840227492073
305055705410257
478216891583653
648182397375767
394178352826241
365190707345627
982352628656731
793602921118541
655412414272687
897825415484947
787125875468659
829016647079447
138451550777833
517268341373683
219338636685887
447531857581223
450647855563189
574861538381519
192175155755423
147002964848809
795566172744571
487106117501987
661925493235511
897079040287631
628414777921621
401310121504661
382974464228273
737144906364257
888841084185917
339006058449077
831513479862937
843400500937349
608122671022421
474773865132863
586617066839809
495559899739423
379087770470053
891417070309009
762693725470109
147002964848809
795566172744571
487106117501987
661925493235511
897079040287631
628414777921621
401310121504661
382974464228273
737144906364257
888841084185917
339006058449077
831513479862937
843400500937349
608122671022421
474773865132863
586617066839809
495559899739423
379087770470053
891417070309009
762693725470109
