685306301420610011
258307274301969817
313656576740745439
486434792811413767
190741648431054713
422098052850239099
171949058475951629
542122692995115899
229216220050670011
991681094092325519
169009473964226123
510078758541309509
770053778646740171
714221206105460411
959595689289073841
635413221540468661
258329686678401829
420146580465846271
594092638507198757
895162015126366751
710939822263099729
394385876833217161
846271626677477873
824071854899745797
429929423514009751
287260822449699377
412247500968385553
322662405992912779
519262591885901693
616168401879346397
801442263409319057
558046975241017261
810089941231205659
999901958967323443
331256040110036479
636417010746409411
163700207296776383
420256526381058053
253316787559331273
904799481661531403
862956785489079433
940140578878835281
262304069705609849
304966830396435997
474627088067693857
601683197832934759
788323359356666521
114989679934266593
337017049463458517
102715120858383419
116369460588838351
897492433887609421
906129454219081403
137414744398101031
706599134120882477
154673264341884907
755239219274937737
543865343230228273
651744848727956881
970657480060705277
480092383401282811
486716388346069213
665907873901338617
773374113448790687
188970981930105329
766731329813159041
939650613987717707
908440825945112027
659899678473926269
502082791750947131
128394735796741543
567103010128223201
350145276460942673
227012157275450933
969253305407248319
118476381151117063
274764418794972221
487987416764710277
460031839445599391
734047498834222541
793627434005217599
340650820637914343
882622037880686123
340294200690371077
843436362069054181
985923307083858893
540368488297652881
345469843856661449
182831196832131949
615853659022304363
522561254577940759
665186322113203609
547708507637158163
706196377622940499
593019962646498551
438082713732606619
845352521146060987
462775183705889459
712086546813871673
955831007648914351